2 0.3474576271186441 0.2231638418079096 0.2033898305084746 0.1864406779661017
2 0.13983050847457626 0.3728813559322034 0.1440677966101695 0.15819209039548024
2 0.663135593220339 0.4180790960451977 0.2923728813559322 0.2711864406779661
2 0.4406779661016949 0.4717514124293785 0.16101694915254236 0.2655367231638418
2 0.875 0.4406779661016949 0.2076271186440678 0.2937853107344633
2 0.5254237288135594 0.2401129943502825 0.1440677966101695 0.1977401129943503
2 0.298728813559322 0.5056497175141242 0.1652542372881356 0.1977401129943503
2 0.7033898305084746 0.24858757062146894 0.1440677966101695 0.1694915254237288
2 0.23516949152542374 0.4322033898305085 0.17372881355932204 0.1977401129943503
2 0.1440677966101695 0.5056497175141242 0.211864406779661 0.1751412429378531
2 0.1864406779661017 0.2598870056497175 0.1271186440677966 0.0903954802259887