2 0.4449152542372881 0.8328611898016998 0.1440677966101695 0.08498583569405099
2 0.6292372881355932 0.8881019830028328 0.17372881355932204 0.1048158640226629
2 0.6588983050847458 0.7974504249291785 0.1652542372881356 0.1048158640226629
2 0.2711864406779661 0.7705382436260623 0.1440677966101695 0.09631728045325778
2 0.13771186440677965 0.8711048158640227 0.1483050847457627 0.08781869688385269
2 0.07838983050847458 0.8271954674220963 0.1483050847457627 0.10198300283286119
2 0.036016949152542374 0.6926345609065155 0.0635593220338983 0.09915014164305949
2 0.1271186440677966 0.7521246458923513 0.13559322033898305 0.0821529745042493
2 0.3771186440677966 0.42917847025495753 0.16101694915254236 0.11048158640226628
2 0.6504237288135594 0.46175637393767704 0.1483050847457627 0.09631728045325778
2 0.6059322033898306 0.18271954674220964 0.13559322033898305 0.0821529745042493
2 0.4216101694915254 0.254957507082153 0.1652542372881356 0.10764872521246459
2 0.6949152542372882 0.32577903682719545 0.17796610169491525 0.11331444759206799
2 0.4597457627118644 0.35127478753541075 0.1652542372881356 0.10764872521246459
2 0.5826271186440678 0.39943342776203966 0.1483050847457627 0.10764872521246459
2 0.75 0.415014164305949 0.16101694915254236 0.11048158640226628
2 0.9110169491525424 0.43342776203966005 0.1864406779661017 0.09631728045325778
2 0.8241525423728814 0.4830028328611898 0.3601694915254237 0.0708215297450425
2 0.8665254237288136 0.34844192634560905 0.13135593220338984 0.10198300283286119
2 0.5889830508474576 0.2719546742209632 0.13559322033898305 0.0906515580736544
2 0.75 0.23937677053824363 0.16101694915254236 0.13314447592067988
2 0.9385593220338984 0.26770538243626063 0.13135593220338984 0.09915014164305949
2 0.9258474576271186 0.3597733711048159 0.15677966101694915 0.12464589235127478
2 0.8411016949152542 0.28328611898017 0.1228813559322034 0.09631728045325778
2 0.913135593220339 0.22237960339943344 0.18220338983050846 0.059490084985835696
2 0.3008474576271186 0.28611898016997167 0.1694915254237288 0.10764872521246459
2 0.2627118644067797 0.3909348441926346 0.1271186440677966 0.11898016997167139