2 0.6186440677966102 0.8983050847457628 0.15254237288135594 0.12994350282485875
2 0.4470338983050847 0.4406779661016949 0.13983050847457626 0.1016949152542373
2 0.6165254237288136 0.4689265536723164 0.13983050847457626 0.0903954802259887
2 0.6334745762711864 0.7019774011299436 0.13135593220338984 0.09887005649717515
2 0.625 0.7937853107344632 0.15677966101694915 0.10734463276836158
2 0.798728813559322 0.7528248587570622 0.1483050847457627 0.11016949152542373
2 0.7817796610169492 0.6384180790960452 0.13135593220338984 0.11864406779661017
2 0.6059322033898306 0.5861581920903954 0.1016949152542373 0.08192090395480225
2 0.21398305084745764 0.4350282485875706 0.1059322033898305 0.05084745762711865
2 0.2055084745762712 0.4901129943502825 0.1228813559322034 0.07062146892655367
2 0.18220338983050846 0.5494350282485876 0.11016949152542373 0.07627118644067797
2 0.07838983050847458 0.5353107344632768 0.11440677966101695 0.08192090395480225
2 0.07838983050847458 0.480225988700565 0.1059322033898305 0.05084745762711865
2 0.8072033898305084 0.8926553672316384 0.13135593220338984 0.096045197740113
2 0.3326271186440678 0.4251412429378531 0.09745762711864407 0.07627118644067797
2 0.375 0.3488700564971751 0.1652542372881356 0.11016949152542373
2 0.4406779661016949 0.2641242937853107 0.1440677966101695 0.11016949152542373
2 0.5572033898305084 0.1694915254237288 0.18220338983050846 0.11299435028248588
2 0.7182203389830508 0.2175141242937853 0.15677966101694915 0.11299435028248588
2 0.6588983050847458 0.06638418079096045 0.13983050847457626 0.09887005649717515
2 0.4894067796610169 0.06638418079096045 0.1228813559322034 0.09887005649717515
2 0.8983050847457628 0.1285310734463277 0.15254237288135594 0.10451977401129943
2 0.6080508474576272 0.3050847457627119 0.1652542372881356 0.1016949152542373
2 0.6991525423728814 0.3149717514124294 0.13559322033898305 0.09887005649717515
2 0.5932203389830508 0.384180790960452 0.16101694915254236 0.0847457627118644
2 0.5953389830508474 0.031073446327683617 0.1228813559322034 0.05649717514124294
2 0.798728813559322 0.5550847457627118 0.17372881355932204 0.1440677966101695