2 0.3347457627118644 0.5084745762711864 0.22033898305084745 0.3502824858757062
2 0.2097457627118644 0.3672316384180791 0.1906779661016949 0.2711864406779661
2 0.326271186440678 0.2175141242937853 0.1864406779661017 0.23163841807909605
2 0.6716101694915254 0.8502824858757062 0.1483050847457627 0.1977401129943503
2 0.8029661016949152 0.9209039548022598 0.2076271186440678 0.1694915254237288
2 0.8326271186440678 0.4096045197740113 0.1483050847457627 0.1864406779661017
2 0.8050847457627118 0.17231638418079095 0.15254237288135594 0.1977401129943503
2 0.9173728813559322 0.2598870056497175 0.13135593220338984 0.1694915254237288
2 0.5444915254237288 0.556497175141243 0.08898305084745763 0.14124293785310735
2 0.7860169491525424 0.5338983050847458 0.09745762711864407 0.1751412429378531
2 0.2097457627118644 0.5847457627118644 0.1652542372881356 0.23163841807909605