0 0.3088803088803089 0.615979381443299 0.21621621621621623 0.3247422680412371
0 0.138996138996139 0.5051546391752577 0.19305019305019305 0.29896907216494845
0 0.33204633204633205 0.8788659793814433 0.15444015444015444 0.20103092783505155
0 0.5 0.8634020618556701 0.17374517374517376 0.23195876288659795
0 0.527027027027027 0.6134020618556701 0.22007722007722008 0.28865979381443296
0 0.28378378378378377 0.18041237113402062 0.18146718146718147 0.24742268041237114
0 0.13706563706563707 0.2551546391752577 0.16602316602316602 0.27319587628865977
0 0.23938223938223938 0.37371134020618557 0.12355212355212356 0.17010309278350516
0 0.15444015444015444 0.8762886597938144 0.20077220077220076 0.24742268041237114
0 0.7007722007722008 0.8324742268041238 0.1969111969111969 0.29381443298969073
0 0.43243243243243246 0.44072164948453607 0.16216216216216217 0.23195876288659795
0 0.4575289575289575 0.20618556701030927 0.18146718146718147 0.24742268041237114
0 0.5984555984555985 0.3711340206185567 0.2084942084942085 0.30927835051546393
0 0.7142857142857143 0.5721649484536082 0.18532818532818532 0.24742268041237114
0 0.8861003861003861 0.8170103092783505 0.1891891891891892 0.28350515463917525
0 0.8918918918918919 0.5876288659793815 0.16988416988416988 0.21649484536082475
0 0.777992277992278 0.3247422680412371 0.16602316602316602 0.2268041237113402
0 0.667953667953668 0.15206185567010308 0.19305019305019305 0.28350515463917525
0 0.832046332046332 0.14175257731958762 0.16602316602316602 0.25257731958762886