2 0.2048611111111111 0.2742857142857143 0.2013888888888889 0.29714285714285715
2 0.18055555555555555 0.8685714285714285 0.2638888888888889 0.2742857142857143
2 0.3784722222222222 0.8314285714285714 0.1875 0.3485714285714286
2 0.4930555555555556 0.5971428571428572 0.18055555555555555 0.32571428571428573
2 0.6666666666666666 0.5314285714285715 0.19444444444444445 0.30857142857142855
2 0.4583333333333333 0.33714285714285713 0.19444444444444445 0.3314285714285714
2 0.2604166666666667 0.6657142857142857 0.20833333333333334 0.32571428571428573
2 0.3211805555555556 0.49714285714285716 0.15625 0.2857142857142857
2 0.1076388888888889 0.4542857142857143 0.1597222222222222 0.28
2 0.7291666666666666 0.8142857142857143 0.2222222222222222 0.32571428571428573
2 0.8420138888888888 0.6228571428571429 0.21180555555555555 0.3314285714285714
2 0.7361111111111112 0.2914285714285714 0.19444444444444445 0.29714285714285715
2 0.5815972222222222 0.22285714285714286 0.1423611111111111 0.2742857142857143
2 0.5364583333333334 0.88 0.2048611111111111 0.25142857142857145
2 0.9201388888888888 0.9171428571428571 0.16666666666666666 0.17714285714285713
2 0.9114583333333334 0.29428571428571426 0.1840277777777778 0.28