2 0.42277992277992277 0.6572164948453608 0.28185328185328185 0.3865979381443299
2 0.1969111969111969 0.41494845360824745 0.16216216216216217 0.2422680412371134
2 0.16216216216216217 0.12886597938144329 0.20077220077220076 0.24742268041237114
2 0.09073359073359073 0.634020618556701 0.17374517374517376 0.4020618556701031
2 0.7200772200772201 0.8685567010309279 0.305019305019305 0.27319587628865977
2 0.7046332046332047 0.27835051546391754 0.17374517374517376 0.24742268041237114
2 0.5 0.30670103092783507 0.22007722007722008 0.23195876288659795
2 0.61003861003861 0.47680412371134023 0.1776061776061776 0.23195876288659795
2 0.640926640926641 0.6675257731958762 0.138996138996139 0.20103092783505155
2 0.8204633204633205 0.5335051546391752 0.14285714285714285 0.20103092783505155
2 0.8996138996138996 0.7422680412371134 0.20077220077220076 0.27835051546391754
2 0.8648648648648649 0.16237113402061856 0.15444015444015444 0.27319587628865977
2 0.20077220077220076 0.8479381443298969 0.2084942084942085 0.23195876288659795
2 0.3223938223938224 0.211340206185567 0.28957528957528955 0.32989690721649484
2 0.527027027027027 0.11082474226804123 0.1891891891891892 0.20103092783505155
2 0.3745173745173745 0.9432989690721649 0.15444015444015444 0.12371134020618557
2 0.24324324324324326 0.6417525773195877 0.13127413127413126 0.23195876288659795
2 0.29922779922779924 0.45618556701030927 0.15057915057915058 0.20103092783505155
2 0.10424710424710425 0.3324742268041237 0.12355212355212356 0.2422680412371134
2 0.7586872586872587 0.4484536082474227 0.1583011583011583 0.1958762886597938
2 0.7181467181467182 0.6288659793814433 0.138996138996139 0.20618556701030927
2 0.7200772200772201 0.10051546391752578 0.27413127413127414 0.19072164948453607