2 0.49925871015567086 0.23093349603416718 0.3535952557449963 0.2605247101891397
2 0.16493699036323203 0.15100671140939598 0.3283914010378058 0.27760829774252593
2 0.8506300963676797 0.12385600976205004 0.3002223869532987 0.24649176327028677
2 0.7498146775389177 0.3148261134838316 0.28687916975537436 0.23917022574740696
2 0.507783543365456 0.4783404514948139 0.335063009636768 0.25015253203172666
2 0.28317272053372866 0.4881025015253203 0.37212750185322463 0.3428920073215375
2 0.7902149740548554 0.47162904209884077 0.363232023721275 0.3050640634533252
2 0.7731653076352853 0.8087248322147651 0.37064492216456635 0.30933496034167174
2 0.4336545589325426 0.738255033557047 0.3617494440326168 0.2769981696156193
2 0.1664195700518903 0.8532641854789506 0.32987398072646407 0.2946918852959121
2 0.5678280207561156 0.9499694935936547 0.385470719051149 0.10128126906650396
2 0.9343958487768718 0.6827333740085418 0.13269088213491476 0.22940817571690056
2 0.06560415122312824 0.5979255643685174 0.12972572275759822 0.3172666259914582
2 0.9299481097108969 0.3303843807199512 0.14158636026686433 0.2287980475899939