2 0.2107390300230947 0.0651294498381877 0.1766743648960739 0.12216828478964402
2 0.41628175519630484 0.15169902912621358 0.1697459584295612 0.13187702265372167
2 0.5727482678983834 0.17354368932038836 0.15011547344110854 0.08980582524271845
2 0.601039260969977 0.25728155339805825 0.1489607390300231 0.11165048543689321
2 0.7863741339491916 0.4008899676375405 0.15473441108545036 0.10275080906148867
2 0.6316397228637414 0.343042071197411 0.13856812933025403 0.08414239482200647
2 0.6200923787528868 0.41707119741100324 0.17782909930715934 0.1156957928802589
2 0.5 0.45792880258899676 0.12009237875288684 0.10194174757281553
2 0.6172055427251733 0.5578478964401294 0.1397228637413395 0.11407766990291263
2 0.4497690531177829 0.5744336569579288 0.1766743648960739 0.11650485436893204
2 0.3418013856812933 0.6614077669902912 0.12702078521939955 0.09789644012944984
2 0.4665127020785219 0.676779935275081 0.18013856812933027 0.11731391585760517
2 0.6426096997690531 0.7184466019417476 0.14665127020785218 0.11003236245954692
2 0.516743648960739 0.7758899676375405 0.1789838337182448 0.11974110032362459
2 0.30484988452655887 0.794093851132686 0.16628175519630484 0.1156957928802589
2 0.35739030023094687 0.8284789644012945 0.10277136258660508 0.07605177993527508
2 0.3233256351039261 0.9089805825242718 0.14549653579676675 0.11245954692556634
2 0.44630484988452657 0.8826860841423948 0.1766743648960739 0.13106796116504854
2 0.6033487297921478 0.9089805825242718 0.1674364896073903 0.11731391585760517
2 0.6766743648960739 0.8001618122977346 0.10623556581986143 0.05663430420711974