2 0.3210862619808307 0.4880095923261391 0.11182108626198083 0.17026378896882494
2 0.30990415335463256 0.6378896882494005 0.12460063897763578 0.1486810551558753
2 0.2364217252396166 0.6786570743405276 0.10862619808306709 0.12949640287769784
2 0.1964856230031949 0.5743405275779376 0.11182108626198083 0.17985611510791366
2 0.6357827476038339 0.8345323741007195 0.051118210862619806 0.04316546762589928
2 0.5966453674121406 0.9004796163069544 0.023961661341853034 0.0407673860911271
2 0.29233226837060705 0.7721822541966427 0.07028753993610223 0.11510791366906475
2 0.805111821086262 0.8069544364508393 0.025559105431309903 0.03597122302158273
2 0.8809904153354633 0.7362110311750599 0.03035143769968051 0.03357314148681055
2 0.896964856230032 0.8033573141486811 0.020766773162939296 0.023980815347721823
2 0.6277955271565495 0.920863309352518 0.03514376996805112 0.03357314148681055