2 0.49728260869565216 0.4683673469387755 0.13043478260869565 0.18979591836734694
2 0.5822010869565217 0.47653061224489796 0.06385869565217392 0.16938775510204082
2 0.548233695652174 0.3479591836734694 0.07744565217391304 0.12857142857142856
2 0.46467391304347827 0.5989795918367347 0.07608695652173914 0.12448979591836734
2 0.5183423913043478 0.6122448979591837 0.06929347826086957 0.10612244897959183
2 0.5346467391304348 0.7153061224489796 0.08831521739130435 0.1326530612244898
2 0.6019021739130435 0.7765306122448979 0.13043478260869565 0.20612244897959184
2 0.6644021739130435 0.5540816326530612 0.08695652173913043 0.18979591836734694
2 0.6589673913043478 0.3653061224489796 0.12771739130434784 0.2
2 0.610733695652174 0.6030612244897959 0.11277173913043478 0.17755102040816326
2 0.7445652173913043 0.6214285714285714 0.07336956521739131 0.13673469387755102
2 0.7649456521739131 0.5520408163265306 0.051630434782608696 0.10408163265306122
2 0.779891304347826 0.42244897959183675 0.0625 0.1306122448979592
2 0.8444293478260869 0.4316326530612245 0.07472826086956522 0.19795918367346937
2 0.7269021739130435 0.6938775510204082 0.07608695652173914 0.12244897959183673
2 0.6875 0.8030612244897959 0.07065217391304347 0.1326530612244898
2 0.751358695652174 0.35918367346938773 0.10597826086956522 0.18775510204081633
2 0.8899456521739131 0.7724489795918368 0.11684782608695653 0.17346938775510204
2 0.798233695652174 0.6969387755102041 0.07744565217391304 0.09591836734693877
2 0.8091032608695652 0.5908163265306122 0.050271739130434784 0.10408163265306122
2 0.5373641304347826 0.9244897959183673 0.12907608695652173 0.15510204081632653
2 0.6447010869565217 0.936734693877551 0.1453804347826087 0.1306122448979592
2 0.7880434782608695 0.9010204081632653 0.13043478260869565 0.20204081632653062
2 0.9619565217391305 0.8551020408163266 0.07880434782608696 0.23673469387755103
2 0.8885869565217391 0.9020408163265307 0.07880434782608696 0.09795918367346938