2 0.3597222222222222 0.5644444444444444 0.28055555555555556 0.4177777777777778
2 0.4756944444444444 0.8788888888888889 0.28194444444444444 0.24666666666666667
2 0.19722222222222222 0.8077777777777778 0.2861111111111111 0.3888888888888889
2 0.09652777777777778 0.41888888888888887 0.19027777777777777 0.32222222222222224
2 0.49722222222222223 0.2833333333333333 0.25277777777777777 0.4066666666666667
2 0.7 0.5655555555555556 0.35833333333333334 0.4911111111111111
2 0.8173611111111111 0.83 0.3625 0.34444444444444444
2 0.3347222222222222 0.16555555555555557 0.18611111111111112 0.32666666666666666
2 0.9048611111111111 0.20444444444444446 0.19305555555555556 0.3422222222222222
2 0.8930555555555556 0.20777777777777778 0.21666666666666667 0.35333333333333333
2 0.9354166666666667 0.5866666666666667 0.13194444444444445 0.41333333333333333
2 0.5604166666666667 0.08777777777777777 0.24861111111111112 0.1711111111111111
2 0.8611111111111112 0.14333333333333334 0.28055555555555556 0.2822222222222222
2 0.6847222222222222 0.24444444444444444 0.11944444444444445 0.17777777777777778