2 0.4866666666666667 0.555766793409379 0.23833333333333334 0.3181242078580482
2 0.30625 0.45310519645120406 0.2608333333333333 0.28010139416983526
2 0.18541666666666667 0.3200253485424588 0.16916666666666666 0.2572877059569075
2 0.30416666666666664 0.7091254752851711 0.215 0.30544993662864384
2 0.5070833333333333 0.8517110266159695 0.2275 0.2991128010139417
2 0.08708333333333333 0.6140684410646388 0.1725 0.3637515842839037
2 0.5625 0.3231939163498099 0.17 0.15716096324461343
2 0.64 0.41508238276299114 0.20166666666666666 0.21926489226869456
2 0.8033333333333333 0.2788339670468948 0.195 0.24081115335868186
2 0.7129166666666666 0.6394169835234474 0.2475 0.302915082382763
2 0.8204166666666667 0.7832699619771863 0.2525 0.33460076045627374
2 0.8829166666666667 0.43662864385297845 0.21416666666666667 0.26996197718631176
2 0.12166666666666667 0.8757921419518377 0.21333333333333335 0.2509505703422053
2 0.2991666666666667 0.9112801013941698 0.24333333333333335 0.17997465145754118
2 0.4008333333333333 0.35994930291508237 0.115 0.11660329531051965
2 0.9541666666666667 0.33396704689480355 0.09333333333333334 0.17363751584283904
2 0.9341666666666667 0.5880861850443599 0.13333333333333333 0.32192648922686945